cxx/examples/osg-experiments/data/dem/reunion.asc
ncols         265
nrows         233
xllcorner     313875.00
yllcorner     7633875.00
cellsize      250.00
NODATA_value  -9999
[rows 164 to 204 of 233, columns 92 to 183 of 265]
491 462 456 539 630 638 670 691 692 701 502 245 299 498 456 433 425 442 450 483 640 617 604 393 305 293 333 359 425 649 781 819 833 840 873 902 921 941 961 971 987 1001 1012 1022 1050 1079 1100 1119 1133 1154 1178 1212 1240 1273 1294 1334 1354 1372 1394 1423 1453 1475 1499 1531 1557 1582 1603 1641 1681 1738 1779 1840 1906 1946 1573 1012 941 800 798 814 899 920 1004 1117 1563 1897 2051 2248 2268 2294 2314 2336
429 421 526 541 589 609 635 644 662 659 484 232 400 577 460 421 423 424 433 490 626 592 571 297 453 474 488 428 621 737 763 798 806 832 855 883 899 911 935 944 959 970 981 997 1018 1050 1075 1086 1098 1118 1152 1177 1208 1236 1273 1310 1341 1360 1385 1411 1441 1466 1490 1512 1544 1572 1602 1656 1704 1742 1801 1811 1857 1891 1536 1243 809 775 804 913 838 1019 1225 1439 1823 2055 2086 2211 2197 2211 2315 2333
445 412 495 498 534 567 593 600 610 567 230 284 355 597 507 406 424 414 476 580 577 585 534 315 399 599 622 654 682 713 727 754 791 816 841 848 865 892 909 913 939 954 951 978 1009 1027 1040 1061 1077 1103 1113 1150 1178 1211 1248 1287 1319 1343 1374 1405 1430 1458 1485 1512 1558 1578 1607 1652 1702 1751 1780 1824 1840 1846 1534 1170 850 754 773 873 1009 1121 1379 1584 1791 1899 1941 1818 1906 1897 2111 2324
384 405 468 483 520 548 568 585 582 455 220 237 437 587 472 386 412 399 450 548 521 555 522 436 327 581 597 627 659 668 719 746 766 793 812 833 854 871 880 908 925 926 934 952 972 990 1014 1021 1046 1065 1082 1110 1156 1193 1228 1271 1294 1324 1357 1394 1415 1431 1474 1511 1550 1590 1613 1654 1683 1722 1754 1771 1820 1624 1405 1135 835 741 860 1105 1330 1400 1451 1677 1818 1728 1625 1617 1625 1669 1912 2313
376 412 449 461 498 513 540 553 556 535 328 212 242 462 467 373 402 391 435 498 475 514 503 461 289 405 579 608 641 670 702 725 742 772 794 805 823 844 869 889 904 903 903 918 937 958 970 994 999 1035 1057 1073 1135 1175 1198 1253 1281 1323 1353 1368 1389 1424 1463 1498 1534 1562 1603 1645 1675 1693 1705 1746 1663 1388 1151 1010 909 728 765 1017 1347 1582 1643 1681 1596 1528 1304 1410 1556 1711 1952 2312
364 378 409 439 464 482 488 529 525 543 540 366 214 219 488 375 381 391 395 470 469 481 411 235 350 550 573 587 631 646 677 706 717 742 764 788 805 826 854 869 874 877 885 894 912 932 956 966 983 1007 1020 1070 1106 1156 1191 1235 1279 1302 1305 1333 1369 1412 1442 1471 1515 1552 1590 1630 1651 1674 1695 1738 1577 1186 813 713 717 710 747 965 1256 1526 1356 1409 1354 1161 1312 1503 1697 1858 2154 2344
349 358 373 406 409 434 473 494 497 505 516 458 199 204 466 366 383 382 387 404 432 432 255 382 509 524 549 584 607 627 665 677 698 720 736 761 785 808 825 840 839 861 873 880 891 916 922 940 959 983 1017 1065 1116 1150 1193 1223 1265 1282 1273 1326 1365 1390 1421 1450 1482 1522 1568 1612 1620 1665 1687 1726 1500 1204 718 705 704 714 865 1156 1337 1259 1088 1140 1079 1242 1377 1569 1828 2061 2309 2340
318 325 354 370 366 409 436 447 462 481 480 473 184 265 433 378 372 377 374 387 426 297 357 479 495 512 531 568 593 614 620 658 681 695 722 737 764 785 810 808 832 837 857 859 866 884 900 917 938 972 1002 1052 1099 1140 1176 1206 1210 1248 1273 1287 1346 1377 1404 1427 1479 1509 1546 1596 1626 1664 1703 1732 1434 1134 721 699 705 709 819 1057 1403 1101 979 1015 1202 1350 1479 1653 1828 2107 2299 2328
303 320 324 332 367 382 388 423 408 438 430 459 188 176 313 396 392 370 359 304 218 374 447 464 481 499 519 562 580 594 613 637 661 678 691 705 725 760 772 793 809 815 819 844 848 864 872 893 915 953 994 1024 1088 1124 1159 1176 1207 1218 1256 1287 1329 1355 1379 1399 1439 1499 1556 1593 1628 1670 1701 1739 1437 1111 815 695 700 775 953 1263 1157 930 954 960 942 949 1506 1722 1909 2132 2275 2311
282 292 311 338 337 352 361 384 384 385 408 418 419 184 231 410 390 203 208 302 400 415 425 454 469 488 522 538 554 574 592 618 635 661 669 675 704 732 746 770 786 792 811 821 827 843 857 860 885 942 974 1028 1095 1114 1135 1157 1175 1208 1245 1274 1271 1315 1380 1412 1495 1492 1542 1582 1623 1675 1719 1746 1463 1110 811 703 703 741 1083 1223 919 901 916 920 933 1209 1548 1592 1754 1984 2196 2295
229 258 293 297 315 316 338 337 327 381 376 384 397 167 299 396 188 227 359 373 389 399 412 433 466 483 501 517 545 559 578 601 619 628 649 666 685 711 731 752 762 768 779 787 805 825 826 849 876 928 975 1016 1058 1074 1077 1127 1166 1196 1197 1264 1301 1334 1374 1403 1447 1473 1531 1567 1607 1651 1703 1747 1501 1134 859 706 692 710 1106 1007 862 867 872 884 1097 1425 1344 1644 1736 1994 2243 2277
229 255 253 281 292 280 296 304 329 352 353 349 349 167 254 372 185 321 360 369 359 389 401 408 441 457 479 497 515 543 567 589 597 608 624 641 668 693 713 722 733 752 765 777 794 805 810 854 891 925 968 1003 983 1062 1080 1120 1117 1183 1218 1239 1292 1337 1378 1386 1402 1440 1506 1560 1593 1646 1692 1718 1653 1306 944 706 703 709 894 843 839 843 851 991 1229 1465 1664 1709 1918 2013 2108 2149
213 250 229 257 264 265 256 285 302 308 330 232 236 155 263 359 213 325 346 338 358 378 383 403 424 450 475 492 511 540 560 566 582 584 605 635 663 680 704 714 713 729 750 760 774 769 813 848 887 921 955 977 1027 1037 1051 1110 1134 1158 1201 1232 1274 1319 1347 1351 1395 1447 1495 1543 1588 1633 1671 1699 1721 1472 961 718 697 725 748 781 794 811 980 1189 1409 1541 1607 1701 1822 1947 1926 1809
152 197 201 232 237 234 243 253 264 272 296 206 179 154 362 354 336 179 331 329 360 371 369 394 419 441 463 479 506 522 534 542 562 577 592 624 656 666 687 697 687 710 729 737 731 772 808 840 864 906 951 986 990 1030 1067 1089 1122 1160 1190 1219 1255 1288 1286 1354 1377 1432 1486 1530 1542 1610 1650 1679 1694 1367 1077 814 653 682 745 781 835 971 1183 1409 1458 1505 1560 1655 1693 1802 1912 1627
144 147 152 205 215 209 220 219 236 256 264 225 158 150 343 330 314 168 303 342 356 352 362 385 395 418 441 457 479 501 515 523 542 563 583 612 639 643 661 665 686 703 711 715 729 746 788 827 860 905 939 952 992 1001 1040 1073 1116 1153 1171 1210 1240 1262 1301 1327 1363 1399 1451 1499 1532 1595 1617 1661 1646 1308 958 665 633 678 752 1001 1016 1172 1162 1196 1470 1511 1566 1623 1738 1877 1666 1306
106 119 145 171 189 187 195 209 229 242 181 140 145 194 316 316 163 213 316 335 346 342 358 366 379 414 419 445 463 486 509 511 541 555 578 597 604 624 643 649 671 679 688 690 721 755 785 804 839 893 911 937 967 1011 1047 1062 1119 1141 1164 1193 1212 1246 1283 1304 1350 1391 1411 1488 1521 1567 1591 1636 1517 1163 883 625 617 713 814 1078 1297 1049 1029 1254 1449 1495 1575 1617 1724 1796 1745 1394
99 116 129 149 163 174 191 205 221 230 136 151 247 299 285 300 157 228 311 320 329 332 344 359 378 396 409 432 459 479 491 505 530 539 559 578 593 610 616 636 653 663 664 679 702 735 750 797 831 870 894 946 981 1002 1040 1070 1091 1126 1116 1179 1210 1235 1231 1274 1326 1367 1411 1471 1498 1543 1581 1615 1514 1158 851 622 608 750 818 1074 1123 907 988 1328 1423 1490 1535 1563 1610 1721 1760 1365
102 116 128 142 155 169 184 197 210 217 193 125 133 205 252 284 148 298 304 308 320 327 345 358 371 387 407 434 442 463 475 479 504 524 540 561 581 598 611 625 633 639 636 668 693 719 750 788 822 857 894 923 951 987 1012 1052 1052 1033 1101 1151 1168 1231 1260 1286 1321 1363 1396 1453 1497 1536 1565 1593 1570 1185 859 652 595 654 763 996 783 824 1032 1279 1397 1455 1496 1500 1539 1613 1652 1308
96 104 124 137 149 159 173 185 196 208 202 123 121 229 232 150 250 280 295 300 313 320 328 347 360 384 403 414 426 442 449 469 488 506 521 536 566 583 596 605 615 611 634 665 698 721 744 758 814 846 861 902 934 973 952 948 1061 1108 1137 1155 1178 1215 1252 1275 1305 1341 1379 1423 1457 1490 1552 1588 1621 1476 1186 785 576 606 860 697 609 905 1137 1327 1376 1433 1442 1450 1481 1535 1582 1263
94 105 117 131 141 153 165 178 186 197 171 119 122 216 134 174 242 256 276 283 292 298 317 333 361 373 383 395 410 421 437 460 476 490 508 526 543 558 574 590 600 606 628 655 683 699 727 771 799 824 862 897 839 963 994 1016 1056 1077 1114 1155 1167 1204 1226 1221 1280 1318 1356 1381 1433 1477 1522 1573 1611 1467 1153 890 558 560 746 565 654 875 1220 1292 1360 1394 1399 1417 1448 1470 1476 1382
90 101 112 123 134 147 156 167 177 181 170 110 186 208 135 225 229 251 260 268 277 287 303 321 339 352 363 384 393 408 431 448 465 481 499 513 523 541 550 567 580 592 625 638 670 687 712 752 782 813 847 768 904 939 969 1011 1019 1041 1097 1135 1159 1163 1204 1232 1270 1289 1333 1388 1410 1465 1502 1544 1594 1416 1057 804 543 542 668 544 608 842 1217 1246 1281 1333 1359 1384 1391 1402 1234 1191
87 98 106 117 127 139 149 158 165 169 106 109 169 120 210 208 224 235 252 258 266 282 298 310 320 333 352 364 376 407 428 445 452 472 489 489 503 517 534 552 555 578 604 622 649 675 708 722 763 795 828 832 885 935 976 996 1009 1024 1078 1105 1129 1150 1184 1213 1231 1284 1328 1371 1420 1458 1488 1534 1592 1482 1051 695 527 522 566 606 682 883 1206 1220 1239 1270 1308 1327 1352 1274 948 910
81 91 100 112 123 133 139 147 156 147 101 110 113 188 191 203 214 235 245 251 257 283 293 303 325 336 348 356 383 401 415 429 449 463 469 482 499 510 515 533 546 565 579 604 626 658 692 721 739 770 759 827 873 902 943 955 990 989 1049 1070 1094 1139 1167 1191 1240 1266 1338 1374 1422 1462 1507 1548 1575 1567 1208 861 511 508 575 646 905 1124 1192 1198 1195 1190 1247 1286 1305 1177 825 821
78 82 96 106 116 125 101 107 92 97 103 120 176 165 200 205 220 226 234 239 249 260 280 295 311 319 337 360 373 389 407 415 432 445 461 474 482 491 510 529 542 559 586 612 626 633 667 666 729 762 786 815 853 866 913 948 963 983 1023 1065 1076 1100 1089 1145 1226 1270 1326 1366 1435 1470 1513 1542 1549 1494 1084 748 539 497 685 838 1141 1168 1175 1180 1181 1177 1215 1248 1273 996 740 713
80 87 93 96 79 74 82 86 90 97 103 169 170 183 189 196 205 213 220 234 241 259 271 294 300 313 336 355 367 376 386 395 410 432 449 462 473 470 488 528 548 573 594 572 626 640 660 681 715 752 769 795 816 859 904 921 944 970 1012 1043 1062 1083 1103 1148 1210 1252 1303 1371 1427 1466 1518 1534 1559 1493 1034 656 482 491 653 950 1147 1150 1157 1158 1166 1164 1171 1191 1235 935 694 699
58 64 66 65 72 77 83 84 95 123 156 156 167 171 178 187 195 209 220 228 238 254 267 283 294 296 314 342 353 362 373 385 411 424 431 442 461 452 486 515 544 565 583 589 607 635 656 682 705 735 734 779 823 853 877 915 941 965 1002 1024 1036 1025 1109 1156 1193 1220 1275 1347 1370 1432 1492 1489 1493 1484 1074 652 465 510 823 878 1054 1140 1141 1141 1143 1143 1153 1156 1186 844 676 724
55 57 75 85 90 77 84 90 119 142 147 150 158 157 165 173 191 201 211 219 226 231 261 271 283 284 296 320 330 345 367 378 376 412 420 432 411 455 478 495 540 560 551 586 607 615 625 642 693 725 752 777 814 840 880 902 928 953 980 995 1008 1047 1066 1128 1174 1243 1285 1296 1300 1378 1419 1407 1431 1425 1108 712 474 446 499 623 825 1060 1123 1121 1116 1113 1111 1111 1136 761 663 723
76 78 82 93 90 94 95 108 129 138 143 143 144 144 150 170 180 185 197 202 211 226 247 254 254 273 283 299 319 335 357 349 379 396 413 399 435 450 471 501 481 522 555 571 607 628 640 669 680 711 743 773 803 842 872 900 908 934 965 967 1020 1044 1073 1136 1171 1200 1250 1255 1299 1326 1371 1359 1374 1372 1244 958 675 519 430 422 657 833 1109 1101 1095 1084 1073 1063 1077 766 621 661
69 73 78 80 86 91 96 109 110 129 132 130 124 135 149 163 171 170 185 192 208 216 226 242 246 263 276 289 310 317 330 340 367 379 395 388 422 406 464 469 509 534 560 578 595 623 639 660 682 706 743 770 804 835 859 874 871 886 950 996 1003 1028 1049 1081 1134 1189 1164 1212 1278 1313 1337 1311 1300 1334 1341 1294 1172 946 635 412 530 718 998 1081 1077 819 930 1028 855 666 591 737
63 69 73 79 84 87 95 103 101 111 122 119 123 128 141 154 149 161 173 186 189 203 210 221 238 251 269 281 299 305 319 332 347 361 367 396 416 436 464 469 503 534 550 553 575 606 635 656 684 711 744 765 783 819 841 808 871 914 936 979 985 1015 1060 1104 1135 1147 1189 1216 1225 1263 1286 1278 1294 1264 1242 1280 1223 839 528 402 430 742 966 1057 1050 865 652 771 721 595 570 874
62 68 72 77 80 84 91 93 91 96 109 109 114 124 138 144 139 149 161 172 178 191 212 221 230 243 249 270 284 290 302 308 328 286 348 387 410 435 457 468 471 510 548 573 567 611 619 647 661 689 720 741 774 763 832 842 857 905 908 963 980 1026 1037 1095 1112 1098 1165 1197 1160 1188 1223 1219 1241 1189 1062 1153 1115 761 506 390 394 681 745 1008 1021 912 655 549 671 556 573 808
61 62 68 72 74 77 84 84 84 88 93 96 108 113 134 134 133 142 149 161 168 186 204 210 218 228 248 258 256 271 282 239 301 328 349 378 406 427 441 456 491 512 544 564 581 596 611 641 660 682 704 733 723 769 783 825 854 868 888 935 968 996 1033 1060 1080 1081 1086 1128 1114 1147 1124 1135 1197 1066 877 982 1079 702 469 380 463 548 550 791 918 979 835 634 539 541 725 990
56 59 64 65 67 72 77 77 77 75 81 92 98 99 114 120 123 129 142 144 163 186 189 197 208 220 234 243 242 249 232 276 290 301 329 370 379 412 434 463 485 504 527 558 578 583 619 657 651 670 694 656 739 749 789 799 835 856 867 932 968 973 1002 1026 1033 1033 1040 1066 1081 1081 1093 1112 1132 1099 847 878 1092 820 451 368 365 356 349 519 740 958 741 509 520 534 709 908
52 55 56 59 63 65 67 68 68 73 74 93 87 92 101 109 109 123 126 146 155 175 177 184 198 209 221 226 232 245 230 263 259 293 320 342 376 397 426 448 474 503 522 539 557 588 610 615 628 612 679 711 722 741 757 785 803 840 872 915 939 960 968 984 1005 960 995 998 987 1047 1065 1057 1039 973 805 827 1069 974 816 369 356 347 339 424 657 924 631 478 484 513 869 942
45 49 51 53 58 59 57 59 58 65 80 79 83 83 96 101 112 113 125 141 148 160 167 177 193 202 199 214 226 233 232 240 268 288 313 335 362 415 428 421 465 491 501 533 557 581 587 617 634 652 678 677 725 736 760 786 810 832 851 874 953 987 951 933 952 919 975 954 1014 1041 1036 1048 828 764 745 817 1028 1018 846 533 399 329 329 442 697 898 648 478 409 633 918 939
41 43 44 48 51 48 49 50 57 60 59 74 74 75 76 98 98 120 123 128 139 151 150 166 180 190 196 206 216 209 218 243 257 279 366 388 397 399 395 420 446 459 485 519 551 515 562 601 609 641 673 701 723 738 767 786 805 829 860 916 942 891 916 883 868 958 957 938 1002 976 966 945 838 723 718 817 993 987 822 556 414 313 327 547 832 881 670 448 381 533 801 982
33 35 38 41 41 41 33 52 51 42 57 65 69 64 74 78 90 107 108 113 126 132 147 162 170 172 185 195 184 202 218 237 262 286 345 325 340 375 383 412 426 451 477 479 507 536 559 582 593 629 663 687 710 731 747 782 799 822 851 880 889 869 867 838 909 927 930 936 955 905 890 923 768 698 693 743 826 833 821 545 304 301 341 627 866 863 623 442 372 515 820 940
28 33 34 35 33 34 23 39 33 40 52 56 59 59 63 71 82 96 94 105 118 122 141 149 163 167 176 181 179 188 214 228 264 284 296 334 343 364 379 400 421 445 451 473 500 503 544 559 582 613 632 663 678 714 748 764 784 791 820 824 830 830 790 868 886 894 873 895 911 877 741 735 828 684 677 691 788 792 788 470 287 291 346 649 840 834 753 480 346 433 678 873
23 26 26 27 26 20 31 32 21 36 34 37 53 51 58 60 77 75 85 95 104 114 129 147 154 155 164 172 172 180 203 223 247 267 286 325 329 351 366 391 392 419 380 459 485 512 530 539 571 586 626 658 682 697 709 728 742 757 750 781 783 810 760 825 845 865 851 866 919 887 716 676 664 662 665 683 776 775 786 656 375 277 305 580 822 815 807 639 363 376 532 802
15 18 17 18 18 14 25 24 22 19 30 30 52 50 47 49 52 67 76 86 101 115 124 133 139 143 141 159 162 179 197 213 231 239 275 289 317 328 361 375 378 400 389 443 468 493 511 521 540 563 609 613 663 672 688 701 724 719 725 729 759 765 744 810 824 821 823 883 932 931 855 682 656 652 656 717 782 748 749 526 278 263 270 551 787 793 789 633 364 360 497 790
1 10 7 13 13 7 15 13 9 15 19 33 43 46 42 42 48 57 69 75 88 100 117 125 131 101 137 151 163 177 198 216 221 242 260 278 302 314 338 335 290 363 395 428 450 502 581 587 505 540 569 602 634 641 654 662 667 685 698 748 743 731 735 766 792 805 787 836 852 863 864 719 653 646 651 675 731 715 721 541 254 253 349 575 761 766 762 744 432 333 534 762
