cxx/examples/osg-experiments/data/dem/reunion.asc
ncols         265
nrows         233
xllcorner     313875.00
yllcorner     7633875.00
cellsize      250.00
NODATA_value  -9999
[rows 41 to 81 of 233, columns 0 to 91 of 265]
0 0 0 0 0 0 0 0 0 0 0 0 0 0 0 0 0 0 0 0 0 0 0 0 0 0 0 0 2 7 11 20 28 30 41 42 51 54 58 71 74 77 78 81 83 86 86 85 79 79 111 141 180 214 257 310 346 373 385 369 422 397 397 405 418 493 572 684 863 953 976 961 996 829 656 885 1160 1229 1231 1213 1271 1298 1251 1181 1016 1015 813 841 510 853 1177 1226
0 0 0 0 0 0 0 0 0 0 0 0 0 0 0 0 0 0 0 0 0 0 0 0 0 0 0 0 3 8 20 21 30 31 40 41 49 53 56 63 68 81 84 88 92 93 94 93 88 89 115 153 183 224 257 324 365 405 439 457 370 512 538 482 491 476 498 585 775 906 976 1038 1059 1028 980 1049 1004 1174 1223 1287 1294 1346 1301 1224 1139 1188 1091 999 659 749 1028 1289
0 0 0 0 0 0 0 0 0 0 0 0 0 0 0 0 0 0 0 0 0 0 0 0 0 0 0 0 1 9 12 16 18 30 45 43 56 64 65 68 66 75 79 93 98 101 104 100 105 108 135 164 212 242 290 336 386 431 477 508 467 408 527 638 663 594 552 541 625 777 938 1011 1088 1077 1099 1165 1182 1113 1241 1312 1339 1402 1312 1251 1186 1230 1249 1109 845 641 943 1191
0 0 0 0 0 0 0 0 0 0 0 0 0 0 0 0 0 0 0 0 0 0 0 0 0 0 0 0 0 8 14 21 28 35 42 49 53 58 71 79 105 87 74 84 99 106 112 121 127 139 158 185 219 259 309 367 401 440 485 534 569 485 460 465 543 655 750 670 615 636 737 980 1090 1173 1121 1220 1213 1237 1231 1333 1391 1422 1313 1201 1287 1260 1277 1162 971 705 859 1180
0 0 0 0 0 0 0 0 0 0 0 0 0 0 0 0 0 0 0 0 0 0 0 0 0 0 0 0 0 2 10 17 23 31 39 44 50 54 65 85 97 110 130 81 91 96 113 143 142 163 179 203 239 286 332 370 415 462 503 543 577 600 580 532 543 586 677 827 888 836 715 799 852 1092 1203 1234 1276 1302 1269 1386 1405 1455 1332 1244 1315 1290 1328 1280 1029 696 907 1223
0 0 0 0 0 0 0 0 0 0 0 0 0 0 0 0 0 0 0 0 0 0 0 0 0 0 0 0 0 0 8 14 21 29 34 38 37 46 54 84 101 111 118 90 94 99 105 109 182 195 209 219 236 289 338 393 446 489 526 549 588 612 650 550 598 732 820 820 906 961 902 803 1042 1104 1185 1259 1278 1361 1383 1377 1444 1453 1332 1319 1348 1305 1365 1364 1046 843 695 1018
0 0 0 0 0 0 0 0 0 0 0 0 0 0 0 0 0 0 0 0 0 0 0 0 0 0 0 0 0 0 5 12 17 21 29 32 36 37 40 57 79 85 101 114 91 100 106 111 114 118 123 128 134 144 152 221 297 375 425 541 622 655 685 616 607 707 834 937 958 1016 1026 1045 1123 1204 1249 1294 1335 1384 1471 1440 1461 1434 1338 1338 1380 1352 1375 1384 1167 951 802 823
0 0 0 0 0 0 0 0 0 0 0 0 0 0 0 0 0 0 0 0 0 0 0 0 0 0 0 0 0 0 2 8 14 18 22 26 29 32 42 56 69 74 83 117 144 127 108 122 127 127 125 132 137 138 143 145 147 151 158 188 319 536 666 719 632 688 758 828 929 976 1112 1190 1247 1227 1278 1343 1314 1262 1236 1352 1511 1417 1381 1387 1411 1393 1393 1421 1347 1154 929 699
0 0 0 0 0 0 0 0 0 0 0 0 0 0 0 0 0 0 0 0 0 0 0 0 0 0 0 0 0 0 1 6 9 15 18 22 25 34 45 55 49 69 81 83 55 115 152 176 181 196 203 217 227 274 286 152 169 187 160 165 168 224 484 593 740 682 678 748 741 833 959 1094 1192 1187 1231 1139 1101 1103 1116 1170 1333 1401 1384 1387 1428 1418 1435 1431 1452 1290 1042 820
0 0 0 0 0 0 0 0 0 0 0 0 0 0 0 0 0 0 0 0 0 0 0 0 0 0 0 0 0 0 1 5 8 13 13 12 18 20 21 40 40 63 73 44 93 132 150 145 186 203 202 224 268 314 365 408 325 356 379 205 175 172 209 441 533 784 838 843 860 861 853 950 975 971 1029 1042 1057 1067 1082 1137 1243 1414 1406 1438 1426 1450 1461 1467 1472 1420 1172 1000
0 0 0 0 0 0 0 0 0 0 0 0 0 0 0 0 0 0 0 0 0 0 0 0 0 0 0 0 0 0 1 4 7 7 10 10 13 11 10 9 8 16 20 78 95 127 158 178 199 219 231 213 288 318 358 396 435 510 553 464 363 231 177 214 389 512 819 893 943 892 933 952 1002 1026 1045 1041 1053 1066 1082 1142 1281 1445 1439 1455 1456 1462 1471 1481 1482 1504 1458 1262
0 0 0 0 0 0 0 0 0 0 0 0 0 0 0 0 0 0 0 0 0 0 0 0 0 0 0 0 0 0 2 6 5 6 8 9 16 27 27 42 58 67 73 82 89 125 159 183 210 233 251 263 249 327 349 397 446 530 540 637 650 441 191 182 231 418 650 831 893 924 946 1001 1031 1033 1053 1064 1063 1078 1103 1169 1416 1448 1472 1460 1479 1504 1503 1510 1512 1538 1569 1550
0 0 0 0 0 0 0 0 0 0 0 0 0 0 0 0 0 0 0 0 0 0 0 0 0 0 0 0 0 0 3 4 5 6 8 9 14 24 34 43 50 60 32 75 119 139 168 184 212 235 266 280 298 318 379 437 483 528 610 654 709 689 453 327 184 194 495 703 806 944 962 978 1036 1059 1068 1074 1073 1093 1149 1308 1372 1366 1398 1242 1174 1228 1270 1448 1560 1567 1596 1640
0 0 0 0 0 0 0 0 0 0 0 0 0 0 0 0 0 0 0 0 0 0 0 0 0 0 0 0 0 0 3 4 4 6 7 9 10 18 27 37 45 54 28 87 126 171 201 220 229 257 284 302 335 297 385 457 501 549 653 712 744 769 690 579 346 190 194 349 600 913 992 1018 1032 1092 1099 1122 1160 1174 1315 1190 1103 1112 1117 911 904 910 1029 1223 1407 1568 1619 1658
0 0 0 0 0 0 0 0 0 0 0 0 0 0 0 0 0 0 0 0 0 0 0 0 0 0 0 0 0 0 2 3 4 6 7 8 9 13 21 29 38 46 58 106 153 198 218 249 271 292 319 349 361 380 289 406 520 618 674 742 787 789 858 776 552 319 208 196 475 781 953 1076 1113 1130 1160 1244 1195 1063 1068 960 877 796 792 731 719 742 819 981 1214 1362 1464 1546
0 0 0 0 0 0 0 0 0 0 0 0 0 0 0 0 0 0 0 0 0 0 0 0 0 0 0 0 0 1 2 3 4 5 7 5 8 9 13 23 28 35 17 83 172 218 252 259 292 325 347 366 400 425 442 350 517 598 672 728 795 831 902 942 786 518 249 207 287 536 795 985 869 944 1215 1141 1006 987 896 684 432 393 488 506 498 561 676 806 970 1092 1219 1307
0 0 0 0 0 0 0 0 0 0 0 0 0 0 0 0 0 0 0 0 0 0 0 0 0 0 0 0 0 1 3 2 3 3 3 6 8 7 9 8 10 10 20 139 209 235 281 308 319 326 366 407 433 463 501 517 469 548 630 723 812 876 916 980 938 649 328 225 224 499 662 687 584 618 967 988 932 849 513 385 325 413 383 386 474 446 512 605 772 921 1018 1128
0 0 0 0 0 0 0 0 0 0 0 0 0 0 0 0 0 0 0 0 0 0 0 0 0 0 0 0 0 2 2 2 3 3 4 4 3 5 6 7 9 11 16 54 143 269 301 351 353 370 387 419 472 514 541 569 543 622 656 756 789 837 898 955 989 633 381 312 219 242 294 435 410 466 560 776 545 426 416 306 488 584 608 486 614 561 484 743 971 990 1060 953
0 0 0 0 0 0 0 0 0 0 0 0 0 0 0 0 0 0 0 0 0 0 0 0 0 0 0 0 0 2 3 4 3 3 4 4 4 5 4 7 11 11 42 149 253 286 323 352 391 401 432 460 497 557 588 625 588 677 635 622 835 899 964 1014 1092 845 484 374 236 223 231 259 241 302 385 378 303 273 316 354 484 645 689 660 764 600 457 559 681 776 895 1051
0 0 0 0 0 0 0 0 0 0 0 0 0 0 0 0 0 0 0 0 0 0 0 0 0 0 0 0 1 2 3 4 4 2 4 4 6 4 9 20 41 36 65 221 267 320 358 360 422 459 478 514 560 583 623 657 688 676 795 786 783 926 965 1015 1079 1049 684 495 431 295 233 259 266 240 258 263 316 414 423 342 463 508 632 759 957 690 554 462 523 592 726 769
0 0 0 0 0 0 0 0 0 0 0 0 0 0 0 0 0 0 0 0 0 0 0 0 0 0 0 0 3 3 4 5 6 7 3 4 6 9 17 63 82 83 168 272 308 339 384 419 452 483 516 542 587 623 653 698 730 783 823 877 909 858 995 1042 1048 1100 897 752 611 527 451 393 322 369 273 261 335 401 487 459 437 389 442 646 867 868 685 594 594 500 555 599
0 0 0 0 0 0 0 0 0 0 0 0 0 0 0 0 0 0 0 0 0 0 0 0 0 0 0 2 4 4 5 6 3 3 5 6 7 7 39 82 143 161 213 319 333 377 413 461 452 503 543 567 599 657 692 727 785 814 863 899 935 958 936 1056 1106 1124 1172 986 867 783 714 445 489 486 393 255 258 256 534 694 728 637 445 530 699 848 1000 874 808 615 587 560
0 0 0 0 0 0 0 0 0 0 0 0 0 0 0 0 0 0 0 0 0 0 0 0 0 0 2 3 4 5 5 8 9 7 7 7 9 9 60 155 195 276 323 364 382 414 439 460 505 528 569 622 627 691 733 784 824 860 898 921 971 1008 1048 1012 1123 1150 1201 1206 1026 858 755 668 875 723 579 415 482 274 283 489 792 938 741 487 536 626 775 965 1153 943 909 781
0 0 0 0 0 0 0 0 0 0 0 0 0 0 0 0 0 0 0 0 0 0 0 0 0 2 3 5 6 6 6 7 9 10 19 14 54 114 209 258 284 326 361 399 425 452 460 489 542 572 613 621 691 724 750 798 841 896 936 971 1009 1032 1086 1120 1099 1197 1221 1240 1288 1115 892 862 1161 991 850 826 489 333 309 277 502 897 1059 867 587 568 586 705 1074 1289 1230 938
0 0 0 0 0 0 0 0 0 0 0 0 0 0 0 0 0 0 0 0 0 0 0 0 3 5 6 7 7 8 9 8 28 53 52 124 222 238 276 310 335 363 399 426 440 494 509 542 575 608 651 692 699 764 795 824 869 929 969 1007 1042 1084 1123 1150 1184 1210 1251 1289 1307 1339 1214 1217 1322 1208 1247 992 749 561 429 280 507 801 1080 1105 898 666 622 623 828 980 1225 1415
0 0 0 0 0 0 0 0 0 0 0 0 0 0 0 0 0 0 0 0 0 0 1 4 6 7 8 10 13 19 20 37 15 143 164 165 248 291 327 346 371 408 437 472 516 543 569 586 615 611 689 719 770 794 832 861 902 949 993 1032 1069 1120 1156 1186 1203 1242 1263 1309 1340 1365 1413 1446 1427 1426 1451 1135 916 747 674 287 427 670 943 1249 1029 791 706 736 705 786 955 1133
0 0 0 0 0 0 0 0 0 0 0 0 0 0 0 0 0 0 0 0 0 4 8 8 8 9 10 19 44 82 66 143 181 47 245 256 267 320 358 382 405 440 467 496 548 578 599 625 655 688 725 760 787 804 864 902 903 960 1011 1064 1098 1146 1185 1213 1244 1260 1286 1311 1354 1404 1418 1483 1518 1533 1501 1243 993 816 824 600 288 470 715 1044 1214 1106 914 810 810 920 955 970
0 0 0 0 0 0 0 0 0 0 0 0 0 0 0 0 0 0 0 40 25 9 87 90 107 115 48 80 114 133 154 195 219 106 250 290 308 355 395 409 420 463 487 522 558 572 642 672 683 712 745 786 820 861 900 916 947 966 1021 1079 1120 1168 1198 1249 1297 1303 1321 1320 1387 1409 1465 1511 1546 1578 1588 1305 939 882 873 525 327 432 573 817 1144 1375 1089 890 941 924 884 868
0 0 0 0 0 0 0 0 0 0 4 12 9 0 0 0 0 9 44 62 97 95 110 117 133 143 155 153 174 204 221 251 283 300 259 343 335 368 398 437 456 481 512 546 597 627 660 655 732 751 772 815 862 897 917 945 966 998 1040 1084 1152 1180 1232 1276 1320 1332 1358 1382 1404 1447 1502 1539 1561 1597 1610 1376 1178 1161 762 534 377 389 471 636 1008 1324 1002 950 931 912 867 775
0 0 0 0 0 0 0 0 0 0 11 63 35 69 82 95 97 84 75 91 123 117 120 141 161 174 190 126 213 242 261 296 314 341 339 367 387 395 453 456 498 494 542 556 592 643 700 731 761 800 836 844 885 924 954 982 996 1020 1048 1106 1158 1201 1235 1280 1328 1365 1388 1421 1442 1490 1533 1555 1586 1620 1648 1574 1355 1065 746 554 368 357 503 565 736 1038 1169 1000 946 863 778 804
0 0 0 0 0 0 0 0 1 101 33 69 80 72 85 116 118 107 83 129 136 141 134 158 176 198 212 216 238 270 296 324 346 376 394 399 431 465 469 508 517 539 578 600 638 674 713 773 776 830 869 888 918 947 964 1006 1026 1021 1052 1146 1176 1215 1238 1293 1338 1388 1426 1443 1477 1506 1557 1583 1611 1641 1676 1402 1162 888 616 424 354 409 393 499 578 702 855 927 923 813 773 834
0 0 0 0 0 0 0 0 9 91 41 111 118 125 104 99 122 158 110 132 151 158 154 177 211 239 242 246 259 289 315 348 378 413 422 409 445 491 521 514 557 576 615 637 666 702 748 778 836 864 882 930 955 987 982 1032 1053 1093 1111 1105 1202 1242 1281 1327 1363 1401 1431 1478 1501 1547 1588 1631 1640 1680 1566 1236 967 656 358 354 539 556 469 378 389 476 672 898 797 762 804 860
0 0 0 0 0 0 0 12 24 85 60 61 94 113 132 142 149 171 169 124 159 186 179 204 242 260 260 273 246 320 340 389 408 433 452 444 484 509 536 563 560 618 630 671 702 735 767 820 851 892 920 951 980 1015 1015 1063 1113 1146 1176 1188 1202 1268 1302 1343 1390 1420 1462 1508 1543 1565 1618 1657 1683 1703 1492 1216 888 560 449 417 572 846 763 587 539 531 619 874 563 580 794 859
0 0 0 0 0 0 2 7 28 44 83 81 107 94 144 110 129 159 183 193 172 181 201 212 238 268 295 309 272 349 367 408 434 450 481 500 523 543 551 586 618 642 675 698 735 765 796 851 888 907 936 958 1008 1042 1061 1091 1130 1165 1213 1232 1246 1287 1337 1369 1408 1449 1480 1515 1566 1603 1643 1703 1716 1728 1565 1176 777 581 522 343 472 643 854 617 581 534 524 733 517 713 865 894
0 0 0 0 0 9 40 44 25 38 62 107 119 127 104 126 122 139 208 188 230 211 218 244 272 300 305 336 355 340 395 430 454 483 503 535 549 577 585 609 633 651 690 713 741 807 836 873 908 957 950 988 1012 1059 1097 1132 1157 1195 1230 1258 1281 1289 1370 1401 1433 1480 1512 1552 1592 1638 1675 1728 1759 1482 1276 1179 853 567 631 486 428 522 735 612 643 587 467 510 601 801 783 887
0 0 0 0 1 38 24 69 53 44 56 79 95 128 143 120 134 179 232 233 238 255 239 258 291 319 331 362 379 372 396 437 466 490 533 561 585 601 620 632 673 686 705 723 764 803 849 905 923 956 998 1018 1054 1075 1123 1158 1179 1209 1238 1276 1315 1339 1387 1440 1463 1509 1567 1596 1627 1674 1701 1748 1644 1313 1172 1067 945 734 670 614 435 495 713 745 781 694 655 653 616 831 890 903
0 0 0 1 15 25 40 53 81 117 90 94 77 113 146 161 188 217 234 253 259 260 248 269 305 331 345 369 396 393 410 452 483 507 534 574 602 624 647 658 689 705 731 744 785 821 872 901 927 961 1004 1030 1078 1123 1147 1174 1202 1242 1281 1300 1338 1357 1413 1457 1506 1541 1587 1647 1676 1709 1753 1608 1412 1256 1206 1030 849 819 766 560 400 533 602 663 755 843 843 813 805 812 867 925
0 0 0 6 16 26 34 63 79 103 129 142 94 136 189 171 195 224 238 247 259 278 300 271 317 343 359 376 399 419 415 446 481 514 545 581 611 644 660 683 708 709 744 778 806 842 874 895 953 985 1017 1047 1102 1128 1159 1191 1234 1246 1299 1336 1362 1392 1435 1477 1525 1568 1624 1672 1719 1741 1717 1432 1222 1108 952 884 922 998 826 626 445 533 687 692 738 818 954 870 903 827 903 954
0 0 0 2 35 42 42 51 65 91 113 104 143 159 192 187 212 225 245 260 267 286 299 315 328 343 375 390 411 438 445 450 488 514 526 559 601 624 668 697 722 732 763 767 826 857 882 932 963 983 1026 1065 1120 1155 1179 1213 1248 1275 1303 1338 1389 1420 1466 1510 1556 1611 1644 1697 1742 1784 1637 1320 1101 1071 1101 1017 984 897 926 694 435 557 753 789 783 832 849 983 901 835 930 994
0 0 0 0 7 56 51 62 61 83 88 109 159 152 178 196 210 218 243 269 283 298 323 330 339 351 369 387 421 442 459 470 476 480 525 551 591 638 677 702 730 759 770 807 854 856 900 931 965 992 1044 1063 1094 1148 1198 1232 1268 1294 1343 1376 1410 1459 1507 1552 1592 1636 1676 1720 1768 1818 1660 1426 1305 1477 1206 995 877 1212 1036 689 438 609 810 848 849 851 892 1059 1015 944 855 981
0 0 0 0 2 7 31 76 78 82 91 107 134 126 111 136 213 239 221 259 283 314 331 344 356 364 381 404 425 441 460 481 497 504 542 572 607 642 696 719 745 763 776 812 846 871 912 932 975 1000 1044 1082 1117 1142 1191 1223 1248 1302 1336 1370 1427 1463 1527 1571 1611 1643 1706 1747 1795 1830 1875 1720 1649 1331 1142 940 1083 1134 741 669 476 649 773 894 911 975 1005 1103 1186 1070 966 909
