cxx/examples/osg-experiments/data/dem/reunion.asc
ncols         265
nrows         233
xllcorner     313875.00
yllcorner     7633875.00
cellsize      250.00
NODATA_value  -9999
[rows 0 to 40 of 233, columns 92 to 183 of 265]
0 0 0 0 0 0 0 0 0 0 0 0 0 0 0 0 0 0 0 0 0 0 0 0 0 0 0 0 0 0 0 0 0 0 0 0 0 0 0 0 0 0 0 0 0 0 0 0 0 0 0 0 0 0 0 0 0 0 0 0 0 0 0 0 0 0 0 0 0 0 0 0 0 0 0 0 0 0 0 0 0 0 0 0 0 0 0 0 0 0 0 0
0 0 0 0 0 0 0 0 0 0 0 0 0 0 0 0 0 0 0 0 0 0 0 0 0 0 0 0 0 0 0 0 0 0 0 0 0 0 0 0 0 0 0 0 0 0 0 0 0 0 0 0 0 0 0 0 0 0 0 0 0 0 0 0 0 0 0 0 0 0 0 0 0 0 0 0 0 0 0 0 0 0 0 0 0 0 0 0 0 0 0 0
0 0 0 0 0 0 0 0 0 0 0 0 0 0 0 0 0 0 0 0 0 0 0 0 0 0 0 0 0 0 0 0 0 0 0 0 0 0 0 0 0 0 0 0 0 0 0 0 0 0 0 0 0 0 0 0 0 0 0 0 0 0 0 0 0 0 0 0 0 0 0 0 0 0 0 0 0 0 0 0 0 0 0 0 0 0 0 0 0 0 0 0
0 0 0 0 0 0 0 2 0 0 0 0 0 0 0 0 0 0 0 0 0 0 0 0 0 0 0 0 0 0 0 0 0 0 0 0 0 0 0 0 0 0 0 0 0 0 0 0 0 0 0 0 0 0 0 0 0 0 0 0 0 0 0 0 0 0 0 0 0 0 0 0 0 0 0 0 0 0 0 0 0 0 0 0 0 0 0 0 0 0 0 0
0 0 0 0 0 0 7 7 10 0 0 0 0 0 0 0 0 0 0 0 0 0 0 0 0 0 0 0 0 0 0 0 0 0 0 0 0 0 0 0 0 0 0 0 0 0 0 0 0 0 0 0 0 0 0 0 0 0 0 0 0 0 0 0 0 0 0 0 0 0 0 0 0 0 0 0 0 0 0 0 0 0 0 0 0 0 0 0 0 0 0 0
149 10 0 3 9 4 17 17 16 12 0 0 0 0 0 0 0 0 0 0 0 0 0 0 0 0 0 0 0 0 0 0 0 0 0 0 0 0 0 0 0 0 0 0 0 0 0 0 0 0 0 0 0 0 0 0 0 0 0 0 0 0 0 0 0 0 0 0 0 0 0 0 0 0 0 0 0 0 0 0 0 0 0 0 0 0 0 0 0 0 0 0
267 193 39 18 23 10 27 27 24 18 6 1 0 0 0 0 0 0 0 0 0 0 0 0 0 0 0 0 0 0 0 0 0 0 0 0 0 0 0 0 0 0 0 0 0 0 0 0 0 0 0 0 0 0 0 0 0 0 0 0 0 0 0 0 0 0 0 0 0 0 0 0 0 0 0 0 0 0 0 0 0 0 0 0 0 0 0 0 0 0 0 0
324 220 78 29 32 12 31 34 30 22 14 9 5 0 0 0 0 0 0 0 0 0 0 0 0 0 0 0 0 0 0 0 0 0 0 0 0 0 0 0 0 0 0 0 0 0 0 0 0 0 0 0 0 0 0 0 0 0 0 0 0 0 0 0 0 0 0 0 0 0 0 0 0 0 0 0 0 0 0 0 0 0 0 0 0 0 0 0 0 0 0 0
347 264 125 49 50 11 36 38 34 31 23 17 12 7 2 0 0 0 0 0 0 0 0 0 0 0 0 6 16 6 4 3 1 0 0 0 0 0 0 0 0 0 0 0 0 0 0 0 0 0 0 0 0 0 0 0 0 0 0 0 0 0 0 0 0 0 0 0 0 0 0 0 0 0 0 0 0 0 0 0 0 0 0 0 0 0 0 0 0 0 0 0
368 262 145 68 55 24 46 43 37 32 27 23 19 11 6 6 7 8 4 4 4 1 0 0 1 3 6 8 16 8 12 11 10 8 1 0 0 0 0 0 0 0 0 0 0 0 0 0 0 0 0 0 0 0 0 0 0 0 0 0 0 0 0 0 0 0 0 0 0 0 0 0 0 0 0 0 0 0 0 0 0 0 0 0 0 0 0 0 0 0 0 0
378 333 211 128 24 56 50 43 38 34 32 26 21 11 12 14 17 17 16 15 12 8 5 8 8 9 14 11 16 20 19 17 16 14 13 15 10 0 0 0 0 0 0 0 0 0 0 0 0 0 0 0 0 0 0 0 0 0 0 0 0 0 0 0 0 0 0 0 0 0 0 0 0 0 0 0 0 0 0 0 0 0 0 0 0 0 0 0 0 0 0 0
440 359 232 81 30 68 47 38 35 33 27 23 16 11 14 20 26 27 26 25 19 14 10 11 14 20 22 20 23 25 21 23 21 18 18 19 15 12 9 5 3 1 0 0 0 0 0 0 0 0 0 0 0 0 0 0 0 0 0 0 0 0 0 0 0 0 0 0 0 0 0 0 0 0 0 0 0 0 0 0 0 0 0 0 0 0 0 0 0 0 0 0
476 373 217 37 113 92 68 51 46 33 26 19 17 19 19 28 33 39 39 35 23 19 19 18 19 22 27 26 27 31 26 29 28 26 24 24 23 21 16 12 9 7 8 1 0 0 0 0 0 0 0 14 18 30 35 28 9 16 8 0 0 0 0 0 0 0 0 0 0 0 0 0 0 0 0 0 0 0 0 0 0 0 0 0 0 0 0 0 0 0 0 0
496 361 162 35 127 133 123 100 64 42 33 27 33 44 32 35 50 51 51 48 36 31 28 25 24 28 33 32 34 41 31 41 36 35 33 30 28 25 18 19 13 12 15 17 24 22 21 3 1 0 20 23 24 40 37 44 49 45 41 20 1 0 0 0 0 0 1 0 0 0 0 0 0 0 0 0 0 0 0 0 0 0 0 0 0 0 0 0 0 0 0 0
492 314 86 121 206 193 148 136 114 67 40 42 61 66 52 48 59 64 62 56 50 47 40 30 32 38 39 39 38 43 37 46 43 45 43 46 47 31 33 18 25 29 26 27 34 34 31 33 8 7 8 34 42 41 47 51 56 54 48 28 30 40 36 26 33 36 38 31 3 0 0 0 0 0 0 0 0 0 0 0 0 0 0 0 0 0 0 0 0 0 0 0
499 369 199 130 260 234 195 153 143 68 66 84 100 98 91 93 86 77 76 69 66 60 54 46 48 50 49 46 47 48 42 49 56 54 52 53 52 44 35 35 43 40 42 39 45 42 42 44 40 5 7 43 50 51 57 63 65 66 53 55 30 48 44 41 40 49 50 41 30 30 11 0 0 0 0 0 0 0 0 0 0 0 0 0 0 0 0 0 0 0 0 0
539 308 56 219 305 268 251 199 195 72 127 93 147 110 135 130 108 92 100 96 91 85 77 58 63 62 57 52 59 58 51 60 65 63 62 62 57 51 31 46 61 60 49 48 55 47 51 42 53 52 47 23 62 60 66 70 74 78 74 68 23 51 54 49 57 61 61 53 42 39 34 19 0 0 0 0 0 0 0 0 0 0 0 0 0 0 0 0 0 0 0 0
449 75 281 301 355 315 286 279 156 104 199 185 193 178 178 153 113 115 123 128 114 110 89 89 80 74 65 62 76 77 60 72 73 69 70 69 65 60 46 63 68 73 69 62 67 65 65 54 72 41 62 32 70 74 74 83 84 90 86 79 69 61 62 61 67 73 71 64 58 50 41 17 8 2 0 0 0 0 0 0 0 0 0 0 0 0 0 0 0 0 0 0
384 66 299 406 391 383 335 316 140 166 269 230 225 231 225 136 159 157 155 149 137 132 106 109 96 73 90 87 85 85 69 69 80 79 79 78 72 66 53 68 76 89 93 81 85 82 84 95 86 85 76 70 81 79 91 97 97 98 98 56 89 79 78 74 77 82 78 70 67 61 51 23 23 4 2 1 0 0 0 0 0 0 0 0 0 0 0 0 0 0 0 0
92 270 370 487 483 436 394 343 160 251 318 268 247 239 258 183 206 201 197 172 173 169 139 118 90 108 113 99 107 98 82 73 85 89 88 86 80 71 67 75 79 103 113 107 101 102 91 107 101 100 103 100 89 100 104 98 109 112 113 106 105 95 92 94 88 86 86 79 76 73 66 66 20 4 3 2 2 1 0 0 0 0 0 0 0 0 0 0 0 0 0 0
278 427 463 567 556 446 443 289 206 303 354 324 309 284 292 197 244 242 223 209 198 176 163 129 98 141 139 124 130 105 95 77 83 98 97 95 83 93 98 95 92 119 122 108 122 114 115 108 112 101 118 75 87 120 118 123 119 124 100 117 108 114 109 108 102 98 93 93 87 85 76 56 49 5 4 4 3 3 2 1 2 2 1 1 0 0 0 0 0 0 0 0
529 526 570 617 523 520 320 234 334 402 375 365 354 347 285 267 269 273 261 246 233 194 167 117 117 160 161 159 141 135 126 102 90 108 106 104 101 121 122 126 128 125 133 134 134 130 121 124 130 96 140 132 116 133 133 128 132 138 109 128 133 124 127 123 119 115 111 105 102 100 86 64 41 19 5 4 4 4 4 3 3 2 2 2 2 1 1 1 0 0 0 0
646 668 670 647 589 533 321 242 458 449 442 379 388 362 353 263 331 329 291 289 251 215 184 143 159 178 179 166 164 161 159 119 91 97 116 116 97 120 137 154 166 144 144 142 146 150 145 140 141 142 154 139 128 147 143 142 146 150 123 146 153 143 141 136 133 131 125 120 113 104 85 54 31 21 6 4 6 6 6 5 4 3 3 2 3 3 3 2 2 2 1 0
593 720 723 704 629 527 525 285 510 473 449 445 399 408 400 293 350 354 333 303 286 245 209 185 130 201 194 171 177 176 172 163 118 104 136 132 141 120 146 172 184 181 169 150 163 166 162 158 158 137 161 151 159 163 158 156 161 165 155 166 175 163 164 153 149 144 136 133 120 122 98 91 50 27 5 10 16 24 6 4 4 4 3 3 4 4 4 4 3 3 3 3
686 759 768 753 714 644 405 514 547 552 500 483 449 428 412 324 330 374 358 328 303 261 227 148 197 205 209 204 201 188 179 152 144 101 149 165 166 126 154 200 200 200 193 186 189 183 185 179 162 173 169 158 157 167 167 169 173 176 151 188 193 191 187 176 177 166 150 147 131 129 102 73 6 6 3 28 42 24 25 4 4 3 4 4 5 6 4 4 4 4 5 6
783 822 820 776 729 591 619 631 584 580 544 493 517 475 473 336 414 406 391 345 308 262 224 159 218 232 221 223 209 204 175 175 166 117 182 198 212 180 196 214 216 214 212 208 204 207 201 190 186 192 161 174 166 185 181 184 193 191 171 186 210 215 212 206 196 178 164 155 146 140 91 102 79 14 43 76 49 52 48 34 40 4 5 5 7 8 5 7 5 7 8 9
839 833 810 711 670 635 704 668 645 591 557 544 545 511 509 266 458 430 414 347 335 293 196 242 236 251 238 235 230 231 214 193 197 113 134 212 223 224 228 188 234 228 222 223 219 220 215 207 208 192 179 202 195 198 199 188 211 209 169 214 224 230 235 231 222 203 175 165 95 126 125 110 76 75 98 92 85 97 50 53 41 8 4 5 6 10 7 8 9 9 12 12
855 793 818 810 775 769 751 697 631 642 559 620 592 556 430 293 483 461 433 398 374 333 178 268 264 267 273 260 258 245 242 226 155 169 205 142 192 240 246 242 247 244 234 237 237 241 230 225 202 223 216 229 207 225 222 228 226 225 214 231 230 243 250 249 238 211 199 184 112 159 166 112 107 151 96 123 112 106 86 56 7 9 10 8 9 12 13 14 15 14 15 15
829 832 868 814 776 835 790 698 701 639 602 649 625 532 320 481 511 515 480 438 380 318 190 327 311 297 290 296 283 270 262 144 209 240 235 201 230 255 268 282 264 262 256 250 260 254 247 239 243 256 246 257 225 255 256 251 242 242 237 237 249 257 257 259 246 234 213 193 159 189 144 136 148 163 107 141 128 94 64 50 20 16 10 11 14 15 13 17 20 19 19 18
869 900 904 882 874 899 782 810 776 671 720 693 668 426 486 571 588 548 504 443 409 387 298 371 335 332 331 327 311 291 150 229 255 252 245 243 253 234 301 302 268 281 280 281 289 285 264 271 280 274 276 282 265 279 286 277 272 264 259 243 267 274 272 272 255 242 158 151 216 217 179 166 179 145 163 155 114 83 54 53 45 47 48 9 19 28 23 19 22 23 23 22
928 946 953 929 882 898 860 840 845 801 797 617 437 398 559 652 631 569 529 499 400 229 313 436 405 374 367 364 333 180 205 305 279 287 261 282 270 281 317 303 289 302 305 303 314 319 301 282 309 299 309 270 281 296 313 309 301 281 277 279 287 291 286 280 266 250 167 201 240 225 225 198 184 181 166 149 104 110 76 56 73 76 78 62 16 30 34 26 20 27 27 26
977 998 1015 972 955 908 922 908 846 856 721 439 642 617 699 715 678 592 577 321 242 474 499 468 428 404 387 293 282 189 322 327 333 356 312 292 266 300 351 312 326 322 325 333 346 331 346 346 339 337 321 309 340 330 339 337 321 290 309 309 302 306 302 290 175 182 257 260 249 238 236 205 211 201 162 155 125 111 81 85 97 101 68 67 60 57 46 40 33 29 32 30
1012 1016 1040 968 1000 969 980 970 934 877 607 438 690 729 751 775 684 664 484 406 535 555 518 496 458 412 387 405 323 212 338 343 368 398 347 351 300 305 383 366 375 360 364 367 387 379 372 370 375 383 373 330 367 358 364 356 356 335 344 328 314 318 315 286 218 301 282 282 270 265 244 215 220 197 178 154 145 113 121 118 98 88 95 78 77 64 58 54 38 25 37 35
1066 1054 1051 1033 1021 1033 1030 981 878 714 574 632 746 800 856 798 746 718 427 412 596 557 529 512 496 435 425 426 335 234 371 400 436 429 415 413 384 346 396 411 419 367 409 403 425 414 417 364 420 407 393 405 408 391 394 392 379 372 363 354 330 320 315 310 235 305 295 300 288 277 256 242 225 201 180 161 167 148 136 145 120 106 109 108 93 87 46 38 49 43 43 40
1094 1080 1070 1083 1071 1060 1041 1024 721 532 736 811 817 885 919 847 801 691 448 424 606 597 565 543 509 455 465 467 201 351 411 484 487 487 454 424 430 419 449 455 490 435 453 459 463 446 460 451 462 450 444 421 450 431 443 441 433 411 390 376 360 351 340 317 310 317 319 313 304 285 255 252 230 220 195 188 178 172 162 147 141 71 126 116 102 79 64 31 36 47 44 46
1113 1109 1123 1079 1097 1105 1090 986 677 808 858 953 887 976 994 901 844 766 491 493 649 650 596 585 573 452 504 378 216 459 426 509 540 525 516 503 446 490 523 509 523 476 496 506 502 499 492 494 486 492 470 472 483 472 475 468 452 440 416 403 386 374 359 340 299 324 334 319 308 282 269 265 244 231 200 193 182 170 165 154 103 135 130 124 112 104 46 57 61 49 53 51
1145 1174 1165 1102 1143 1133 1092 899 731 965 928 972 1019 1053 1053 903 834 786 389 487 720 734 643 648 570 512 533 269 462 485 495 564 587 568 535 575 548 537 567 559 561 514 538 552 553 544 546 481 533 540 532 506 495 517 511 494 483 462 439 420 411 409 387 355 360 347 340 333 311 281 279 267 238 225 217 202 183 166 156 166 163 145 140 124 113 103 81 80 66 55 57 58
1135 1175 1154 1151 1181 1158 1111 888 858 1076 1060 1027 1039 1092 1017 929 900 789 371 547 796 798 680 698 680 570 471 245 548 572 582 600 636 643 624 614 567 500 634 605 615 566 587 600 598 609 571 564 581 569 569 561 534 544 537 520 500 486 466 450 435 425 407 379 377 367 363 342 326 297 286 241 227 206 196 145 157 148 167 168 164 160 147 133 118 69 98 78 69 61 62 65
1106 1184 1174 1189 1233 1204 1156 749 977 1171 1167 1130 1110 1096 1078 992 863 765 499 716 868 786 789 727 669 623 256 343 589 630 696 617 701 692 663 689 684 668 669 673 682 638 641 652 662 633 632 560 631 623 613 602 590 581 574 537 516 508 497 471 450 438 394 416 411 388 380 351 330 318 290 274 258 193 167 168 165 172 176 173 166 155 141 125 86 82 105 91 78 71 70 72
1141 1193 1226 1242 1258 1258 1151 1020 1141 1181 1175 1164 1160 1145 1042 1027 980 995 963 968 934 890 829 642 699 595 274 489 672 718 751 738 757 753 732 731 757 671 748 769 764 706 720 711 708 687 686 658 658 672 647 618 631 620 601 570 553 537 519 491 455 457 400 437 428 414 393 362 355 329 295 245 195 206 189 188 196 178 184 176 159 157 141 127 104 77 114 93 85 74 75 77
1190 1176 1240 1268 1275 1204 1168 1171 1204 1224 1196 1217 1220 1181 1129 1053 1074 953 1034 1045 968 951 728 818 817 494 387 531 769 777 801 810 814 723 789 782 810 729 783 835 818 801 789 781 762 711 730 686 698 694 682 654 665 644 611 596 576 559 530 514 492 475 473 466 447 430 403 390 373 308 237 218 214 250 233 228 219 194 182 182 157 159 149 144 117 101 111 106 100 84 80 81
