cxx/examples/osg-experiments/data/dem/reunion.asc
ncols         265
nrows         233
xllcorner     313875.00
yllcorner     7633875.00
cellsize      250.00
NODATA_value  -9999
[rows 123 to 163 of 233, columns 0 to 91 of 265]
0 0 0 0 0 0 0 0 0 0 0 0 0 0 0 0 0 0 0 0 0 0 0 0 0 0 20 73 102 124 149 176 232 285 339 389 430 457 479 575 654 712 751 810 858 909 920 994 1041 1079 1125 1183 1206 1257 1299 1349 1404 1497 1553 1569 1638 1704 1754 1803 1866 1905 1942 1981 2003 2039 2086 2120 2160 2210 2251 2295 2339 2385 2435 2483 2540 2588 2406 1992 1748 1859 1654 1390 1313 1233 1206 1118
0 0 0 0 0 0 0 0 0 0 0 0 0 0 0 0 0 0 0 0 0 0 0 0 0 0 21 60 88 106 132 156 213 257 302 346 388 452 500 541 614 675 753 797 809 877 925 975 1017 1071 1128 1166 1206 1242 1275 1370 1367 1438 1554 1580 1624 1708 1752 1795 1844 1883 1919 1963 2007 2042 2072 2116 2140 2168 2228 2271 2331 2375 2419 2477 2540 2570 2491 2247 2015 1552 1406 1328 1199 1088 1163 1095
0 0 0 0 0 0 0 0 0 0 0 0 0 0 0 0 0 0 0 0 0 0 0 0 0 0 12 46 64 79 100 130 176 229 270 268 359 429 469 521 607 676 716 733 807 839 898 958 1013 1047 1098 1097 1157 1226 1276 1326 1432 1503 1544 1595 1618 1657 1746 1792 1828 1869 1913 1953 1992 2020 2056 2084 2112 2162 2199 2247 2297 2352 2399 2462 2518 2543 2457 2101 1888 1892 1740 1363 1180 1048 1061 971
0 0 0 0 0 0 0 0 0 0 0 0 0 0 0 0 0 0 0 0 0 0 0 0 0 0 0 25 37 51 75 119 156 199 232 274 333 386 443 518 493 640 700 746 788 829 882 933 975 1010 1075 1128 1172 1223 1281 1340 1410 1485 1535 1602 1640 1680 1725 1766 1810 1855 1898 1928 1959 1984 2011 2045 2083 2140 2174 2206 2261 2320 2373 2426 2457 2497 2528 2313 1979 1768 1657 1390 1156 1049 1084 1108
0 0 0 0 0 0 0 0 0 0 0 0 0 0 0 0 0 0 0 0 0 0 0 0 0 0 0 5 11 20 44 104 136 134 220 270 313 297 372 480 560 628 670 716 766 824 859 904 936 995 1031 1102 1152 1204 1264 1339 1412 1461 1507 1581 1618 1679 1721 1762 1793 1840 1878 1913 1923 1963 1982 2012 2067 2116 2155 2193 2237 2282 2328 2364 2413 2440 2480 2465 2242 2032 1659 1361 1325 1258 1174 1075
0 0 0 0 0 0 0 0 0 0 0 0 0 0 0 0 0 0 0 0 0 0 0 0 0 0 0 0 0 1 8 6 120 158 200 232 271 344 403 476 544 591 644 689 736 797 829 836 895 962 1015 1069 1126 1189 1259 1326 1384 1446 1503 1569 1624 1669 1713 1752 1786 1822 1858 1887 1908 1931 1967 2008 2055 2112 2143 2179 2210 2265 2300 2334 2353 2388 2440 2488 2476 2132 1778 1481 1258 1142 1051 938
0 0 0 0 0 0 0 0 0 0 0 0 0 0 0 0 0 0 0 0 0 0 0 0 0 0 0 0 0 0 0 25 84 137 166 189 242 302 380 443 495 561 609 664 720 757 759 798 862 918 975 1026 1101 1152 1239 1298 1375 1441 1500 1562 1612 1661 1698 1734 1770 1795 1828 1857 1887 1918 1962 2004 2045 2090 2132 2157 2198 2234 2278 2300 2321 2346 2400 2377 2460 2140 1797 1449 1165 1093 988 921
0 0 0 0 0 0 0 0 0 0 0 0 0 0 0 0 0 0 0 0 0 0 0 0 0 0 0 0 0 0 0 0 52 97 112 153 220 298 342 397 463 523 567 621 669 694 729 774 832 871 926 991 1033 1126 1206 1270 1350 1413 1477 1546 1587 1629 1672 1716 1744 1773 1812 1837 1837 1900 1948 1984 2029 2069 2094 2136 2177 2213 2240 2262 2268 2306 2311 2373 2427 2198 1767 1434 1125 1028 1016 852
0 0 0 0 0 0 0 0 0 0 0 0 0 0 0 0 0 0 0 0 0 0 0 0 0 0 0 0 0 0 0 0 1 75 114 151 199 248 289 350 414 480 506 547 550 669 702 758 803 835 858 947 948 1043 1092 1174 1258 1380 1462 1518 1564 1614 1657 1687 1726 1765 1776 1785 1831 1879 1915 1966 2000 2037 2069 2104 2154 2179 2202 2236 2250 2285 2306 2335 2363 2183 1802 1490 1193 1012 954 882
0 0 0 0 0 0 0 0 0 0 0 0 0 0 0 0 0 0 0 0 0 0 0 0 0 0 0 0 0 0 0 0 0 35 87 134 180 202 255 315 381 412 492 529 582 639 693 735 784 807 840 908 987 1075 1159 1241 1306 1378 1445 1499 1539 1588 1634 1680 1699 1758 1760 1779 1812 1854 1901 1944 1971 2009 2029 2075 2112 2134 2164 2192 2188 2234 2261 2299 2316 2218 1900 1627 1306 1073 1011 882
0 0 0 0 0 0 0 0 0 0 0 0 0 0 0 0 0 0 0 0 0 0 0 0 0 0 0 0 0 0 0 0 0 4 36 89 152 151 168 272 336 415 479 532 582 610 609 697 766 806 855 913 977 1063 1149 1236 1283 1358 1427 1483 1526 1564 1610 1669 1703 1705 1715 1769 1795 1832 1877 1916 1948 1974 2008 2039 2075 2093 2119 2125 2162 2200 2230 2256 2278 2314 2084 1801 1522 1214 1075 1026
0 0 0 0 0 0 0 0 0 0 0 0 0 0 0 0 0 0 0 0 0 0 0 0 0 0 0 0 0 0 0 0 0 4 72 118 164 171 237 279 327 387 438 504 564 605 660 712 754 794 837 894 964 1045 1144 1215 1294 1364 1406 1458 1508 1545 1585 1631 1659 1663 1709 1747 1776 1811 1850 1888 1920 1943 1981 2004 2023 2054 2032 2033 2133 2162 2186 2223 2240 2271 2268 2006 1833 1601 1360 1060
0 0 0 0 0 0 0 0 0 0 0 0 0 0 0 0 0 0 0 0 0 0 0 0 0 0 0 0 0 0 0 0 0 3 5 73 153 199 245 293 352 406 465 510 548 596 634 692 738 784 831 880 951 1047 1123 1208 1290 1339 1400 1443 1480 1520 1554 1588 1629 1638 1681 1725 1756 1793 1816 1862 1894 1916 1939 1960 1989 1936 1867 2058 2082 2123 2153 2164 2160 2210 2193 2204 2096 1828 1555 1094
0 0 0 0 0 0 0 0 0 0 0 0 0 0 0 0 0 0 0 0 0 0 0 0 0 0 0 0 0 0 0 0 0 3 14 71 145 181 227 287 342 401 463 510 558 593 647 684 716 762 829 896 963 1039 1113 1193 1266 1333 1374 1426 1466 1489 1512 1545 1574 1612 1660 1692 1731 1751 1785 1826 1858 1889 1902 1919 1849 1625 1894 2017 2050 2081 2101 2107 2058 2090 2107 2109 2101 2017 1710 1413
0 0 0 0 0 0 0 0 0 0 0 0 0 0 0 0 0 0 0 0 0 0 0 0 0 0 0 0 0 0 0 0 0 7 34 84 145 182 235 289 352 393 441 499 539 595 627 669 721 764 821 890 980 1040 1113 1180 1250 1320 1372 1421 1446 1460 1479 1514 1490 1582 1621 1660 1685 1721 1750 1782 1821 1845 1861 1872 1751 1612 1903 1933 1998 2007 2038 2020 1968 1990 1987 1994 1982 1981 1833 1437
0 0 0 0 0 0 0 0 0 0 0 0 0 0 0 0 0 0 0 0 0 0 0 0 0 0 0 0 0 0 0 0 0 5 21 65 135 174 218 251 317 319 412 469 523 579 620 655 683 751 823 903 955 1058 1109 1172 1223 1302 1354 1406 1421 1442 1454 1454 1507 1547 1585 1613 1655 1679 1714 1743 1777 1795 1814 1803 1505 1667 1709 1835 1927 1875 1958 1932 1912 1850 1867 1865 1886 1890 1909 1741
0 0 0 0 0 0 0 0 0 0 0 0 0 0 0 0 0 0 0 0 0 0 0 0 0 0 0 0 0 0 0 0 0 6 44 85 141 180 219 268 319 368 416 467 511 547 591 648 698 764 824 894 953 1060 1123 1156 1226 1301 1362 1392 1412 1417 1440 1435 1471 1503 1557 1586 1613 1650 1678 1700 1736 1744 1758 1790 1505 1601 1585 1743 1747 1721 1806 1836 1800 1794 1779 1770 1808 1828 1893 1805
0 0 0 0 0 0 0 0 0 0 0 0 0 0 0 0 0 0 0 0 0 0 0 0 0 0 0 0 0 0 0 0 0 8 45 94 142 179 217 264 315 358 407 449 464 532 583 632 682 749 821 896 962 1030 1104 1191 1256 1308 1343 1384 1390 1388 1418 1405 1438 1487 1523 1544 1585 1611 1640 1663 1683 1704 1703 1744 1571 1402 1528 1564 1650 1601 1632 1762 1735 1714 1721 1703 1703 1732 1777 1725
0 0 0 0 0 0 0 0 0 0 0 0 0 0 0 0 0 0 0 0 0 0 0 0 0 0 0 0 0 0 0 0 0 5 38 80 124 167 211 257 297 337 384 432 482 524 539 597 643 710 783 874 966 1029 1100 1161 1231 1256 1322 1295 1348 1372 1387 1387 1425 1448 1488 1517 1551 1585 1610 1624 1640 1655 1674 1655 1519 1365 1451 1421 1541 1518 1502 1683 1683 1664 1629 1614 1569 1537 1535 1640
0 0 0 0 0 0 0 0 0 0 0 0 0 0 0 0 0 0 0 0 0 0 0 0 0 0 0 0 0 0 0 0 0 8 33 79 121 156 193 239 286 331 372 396 445 474 506 558 604 666 747 857 950 1011 1092 1203 1193 1210 1222 1260 1291 1332 1354 1359 1390 1425 1456 1483 1526 1560 1579 1597 1602 1616 1612 1534 1443 1366 1397 1360 1440 1408 1478 1623 1608 1588 1546 1558 1487 1448 1439 1593
0 0 0 0 0 0 0 0 0 0 0 0 0 0 0 0 0 0 0 0 0 0 0 0 0 0 0 0 0 0 0 0 0 15 48 89 119 158 200 241 284 326 373 411 451 479 520 561 600 673 748 810 913 1004 1108 1169 1167 1176 1203 1244 1262 1292 1302 1332 1353 1376 1421 1460 1508 1536 1559 1567 1579 1574 1477 1442 1349 1214 1327 1324 1335 1323 1498 1495 1508 1515 1502 1485 1436 1412 1405 1562
0 0 0 0 0 0 0 0 0 0 0 0 0 0 0 0 0 0 0 0 0 0 0 0 0 0 0 0 0 0 0 0 0 9 40 70 110 162 197 241 284 316 371 414 453 486 526 555 592 652 714 812 911 1017 1063 1091 1105 1130 1167 1203 1225 1231 1273 1303 1321 1341 1387 1430 1477 1504 1533 1536 1554 1545 1465 1281 1250 1257 1234 1253 1258 1235 1468 1356 1387 1346 1268 1401 1392 1381 1378 1405
0 0 0 0 0 0 0 0 0 0 0 0 0 0 0 0 0 0 0 0 0 0 0 0 0 0 0 0 0 0 0 0 1 17 51 88 122 164 202 246 283 325 377 424 459 498 543 578 612 644 731 816 906 971 1021 1036 1064 1021 1094 1148 1195 1210 1152 1269 1284 1313 1370 1401 1450 1462 1520 1511 1496 1493 1438 1279 1134 1186 1103 1170 1190 1159 1295 1328 1174 1157 1182 1334 1342 1318 1322 1333
0 0 0 0 0 0 0 0 0 0 0 0 0 0 0 0 0 0 0 0 0 0 0 0 0 0 0 0 0 0 0 0 2 21 43 80 119 171 193 239 282 326 369 415 450 502 536 580 632 689 750 810 939 973 970 970 998 1021 1017 1096 1124 1091 1161 1233 1248 1303 1346 1392 1407 1416 1451 1455 1450 1395 1268 1206 1046 1117 1119 1111 1128 1133 1115 1188 1093 1088 1149 1281 1287 1283 1273 1291
0 0 0 0 0 0 0 0 0 0 0 0 0 0 0 0 0 0 0 0 0 0 0 0 0 0 0 0 0 0 0 0 3 11 40 75 113 151 202 237 279 317 369 403 448 494 531 578 634 684 761 850 891 896 924 934 900 973 1001 1046 948 995 1171 1134 1243 1276 1322 1362 1381 1358 1384 1388 1416 1291 1155 1077 1053 1059 1062 1075 1080 1015 989 989 994 1037 1113 1212 1251 1244 1244 1255
0 0 0 0 0 0 0 0 0 0 0 0 0 0 0 0 0 0 0 0 0 0 0 0 0 0 0 0 0 0 0 1 8 21 39 81 116 148 195 236 282 315 355 398 438 482 533 582 635 692 747 813 823 829 871 894 911 936 977 1005 865 1078 1093 1184 1211 1224 1261 1298 1335 1331 1318 1317 1376 1303 1114 1064 973 1002 979 1004 1007 943 934 963 989 1036 1160 1176 1192 1211 1223 1207
0 0 0 0 0 0 0 0 0 0 0 0 0 0 0 0 0 0 0 0 0 0 0 0 0 0 0 0 0 0 0 0 19 35 59 87 111 136 180 227 261 305 344 386 430 461 508 565 632 687 730 772 771 784 831 787 857 893 929 817 995 972 1075 1165 1181 1164 1221 1261 1270 1274 1249 1250 1324 1305 1188 1055 982 899 941 954 945 911 940 954 986 1031 1096 1134 1140 1159 1179 1183
0 0 0 0 0 0 0 0 0 0 0 0 0 0 0 0 0 0 0 0 0 0 0 0 0 0 0 0 0 0 0 10 20 50 74 97 129 151 185 220 245 288 335 385 419 450 495 556 609 654 698 726 742 761 783 767 829 865 787 949 956 1027 1066 1091 1105 1109 1179 1159 1235 1258 1221 1216 1307 1262 1194 1189 1109 964 911 930 910 911 937 920 966 1019 1073 1095 1115 1129 1169 1168
0 0 0 0 0 0 0 0 0 0 0 0 0 0 0 0 0 0 0 0 0 0 0 0 0 0 0 0 0 0 0 4 24 61 84 105 135 166 201 235 260 284 329 368 409 449 490 521 574 624 665 691 725 744 757 777 790 707 848 896 961 977 999 1024 977 1034 1062 1174 1175 1208 1105 1205 1270 1203 1251 1242 1154 968 832 914 902 899 912 923 955 1000 1031 1061 1084 1103 1123 1079
0 0 0 0 0 0 0 0 0 0 0 0 0 0 0 0 0 0 0 0 0 0 0 0 0 0 0 0 0 0 0 0 18 53 76 101 120 155 201 234 276 303 329 357 398 437 468 509 543 591 608 750 707 727 722 751 693 781 851 858 923 926 927 928 949 1022 1038 1065 1121 1078 1059 1143 1190 1185 1210 1209 1178 1101 906 896 890 890 877 919 954 972 999 1034 1049 1077 1034 1129
0 0 0 0 0 0 0 0 0 0 0 0 0 0 0 0 0 0 0 0 0 0 0 0 0 0 0 0 0 0 0 0 0 48 74 100 123 149 183 218 250 280 310 338 376 408 444 488 519 585 624 650 675 687 705 621 728 794 824 862 883 898 911 912 929 1001 1012 1065 1093 925 1065 1064 1097 1132 1176 1176 1153 1113 934 862 879 873 870 912 933 969 977 1011 1044 1061 1065 1236
0 0 0 0 0 0 0 0 0 0 0 0 0 0 0 0 0 0 0 0 0 0 0 0 0 0 0 0 0 0 0 0 0 46 71 84 115 144 161 190 231 264 300 328 358 382 430 459 501 556 571 593 628 637 594 682 771 807 826 851 867 885 893 879 912 931 975 1008 975 818 1071 1015 1031 1064 1121 1117 1115 1084 953 827 859 846 861 881 874 939 877 987 973 1079 1086 1178
0 0 0 0 0 0 0 0 0 0 0 0 0 0 0 0 0 0 0 0 0 0 0 0 0 0 0 0 0 0 0 0 0 43 52 72 98 120 140 176 211 237 272 299 328 361 389 434 495 540 565 582 606 619 616 703 753 776 801 826 833 851 844 879 887 909 950 975 856 878 1000 940 988 1044 1068 1073 1094 1055 931 760 824 819 827 725 719 888 983 1001 1041 1043 1049 1055
0 0 0 0 0 0 0 0 0 0 0 0 0 0 0 0 0 0 0 0 0 0 0 0 0 0 0 0 0 0 0 0 0 0 38 59 78 107 125 166 185 218 245 264 299 332 373 442 511 519 534 565 573 521 598 676 717 760 779 796 805 820 839 848 886 887 734 798 702 932 967 907 947 991 1022 1044 1058 1027 919 757 808 806 780 695 824 853 1009 952 1001 988 993 1005
0 0 0 0 0 0 0 0 0 0 0 0 0 0 0 0 0 0 0 0 0 0 0 0 0 0 0 0 0 0 0 0 0 0 29 43 59 86 110 137 169 200 221 240 282 322 374 437 446 488 512 528 523 508 596 647 693 724 764 766 758 781 819 872 815 780 583 661 925 957 884 768 901 949 988 1002 997 973 910 785 801 777 780 688 727 785 925 865 947 864 885 896
0 0 0 0 0 0 0 0 0 0 0 0 0 0 0 0 0 0 0 0 0 0 0 0 0 0 0 0 0 0 0 0 0 0 1 28 46 71 88 116 150 177 199 220 272 313 354 379 415 464 479 451 509 458 573 616 665 693 724 697 719 773 782 809 734 665 715 888 938 860 766 746 882 921 922 966 946 925 873 756 773 778 724 732 682 727 801 807 850 756 729 765
0 0 0 0 0 0 0 0 0 0 0 0 0 0 0 0 0 0 0 0 0 0 0 0 0 0 0 0 0 0 0 0 0 0 0 16 34 58 72 96 126 143 166 203 251 289 327 356 394 414 447 450 479 428 532 588 617 655 674 673 725 731 754 710 654 557 730 807 842 819 681 766 813 853 822 896 891 863 861 809 684 746 693 643 691 687 746 704 716 679 700 738
0 0 0 0 0 0 0 0 0 0 0 0 0 0 0 0 0 0 0 0 0 0 0 0 0 0 0 0 0 0 0 0 0 0 0 0 30 53 70 86 103 119 148 185 233 256 293 350 353 386 350 425 451 476 494 521 568 584 616 660 692 718 696 692 637 514 727 751 756 722 637 784 803 800 759 831 802 783 797 810 741 693 707 669 646 612 726 619 631 621 667 717
0 0 0 0 0 0 0 0 0 0 0 0 0 0 0 0 0 0 0 0 0 0 0 0 0 0 0 0 0 0 0 0 0 0 0 1 29 46 59 63 84 83 108 145 174 226 260 291 326 342 358 382 359 445 460 495 520 528 575 639 663 647 623 620 507 546 690 667 684 565 721 726 726 734 764 782 752 731 733 753 715 686 592 658 600 557 639 587 588 565 600 639
0 0 0 0 0 0 0 0 0 0 0 0 0 0 0 0 0 0 0 0 0 0 0 0 0 0 0 0 0 0 0 0 0 0 0 0 16 31 42 57 56 59 77 105 142 178 215 250 284 264 328 336 380 419 439 464 473 478 521 595 619 592 547 578 565 414 590 590 529 485 657 657 672 683 656 715 706 682 674 663 628 628 577 620 599 601 614 572 525 586 522 595
0 0 0 0 0 0 0 0 0 0 0 0 0 0 0 0 0 0 0 0 0 0 0 0 0 0 0 0 0 0 0 0 0 0 0 0 0 14 32 34 40 35 55 83 116 151 198 217 215 282 287 322 356 387 404 428 426 449 535 579 576 601 581 524 504 428 539 544 528 558 591 614 641 595 650 685 658 641 600 610 611 585 576 568 579 568 569 524 482 529 484 550
